"199705"  -9.9  -9.9 9999.9 999.9  99.9  99.9"
""
" This file is SPACE DELIMITED for easy import into both spreadsheets and programs."
"The first line 199705 contains dummy data and is provided to allow spreadsheets to sense the columns"
" To read into a spreadsheet select DELIMITED and SPACE."
" "
"=========  The following essential information and notes should be kept in the data file =========="
" "
"The Patched Point Data system is constructed from observational data obtained from the Bureau of Meteorology and other suppliers "
"and is freely available under the Creative Commons Attribution 4.0 International (CC BY 4.0) licence. Under this licence users can copy, modify, and redistribute the data, provided they acknowledge SILO as the data source and indicate if any changes were made to the data."
" "
"Notes:"
" * Patched Point data for station: 31011 CAIRNS AERO                              Lat: -16.87 Long:  145.75"
" * Elevation: 2 m "
" * Extracted from SILO 'BoM Only' dataset on 20260624 "
" * Please read the documentation on the Patched Point Data, http://www.longpaddock.qld.gov.au/silo"
" "
" * The accuracy of the data depends on many factors including date, location, and variable"
"   for consistency data is supplied using one decimal place, however it is not accurate to that precision."
" "
" * Evaporation data prior to 1970 and Temperatures, Solar Radiation, and "
"   Vapour Pressure data prior to 1957 are all long term averages."
"===================================================================================================="
Yr.Mth Avg   Avg   Tot   Tot    Avg   Avg
YYYYMM TMax  TMin  Rain  Evap   Rad    VP
()     (oC)  (oC)  (mm)  (mm) (MJ/m2) (hPa)
20090100  30.9  24.1  868.0 157.6  18.0  28.7
20090200  31.2  24.3  620.0 145.5  19.2  29.0
20090300  31.4  23.4  152.0 214.7  23.0  25.9
20090400  30.7  21.7  134.0 184.5  19.3  24.8
20090500  27.3  19.7   87.2 139.2  15.1  21.0
20090600  27.6  18.0    4.4 144.0  16.7  19.3
20090700  27.0  16.6    5.0 165.4  17.0  17.0
20090800  28.3  17.5    8.0 202.2  19.7  18.4
20090900  30.0  19.7    3.6 223.0  22.2  19.0
20091000  30.2  19.8   30.8 223.0  22.8  19.8
20091100  29.9  21.5  208.2 197.1  21.6  24.0
20091200  31.7  23.4   78.2 213.0  23.4  26.1
20100100  31.1  24.2  696.6 174.1  16.4  29.0
20100200  32.2  24.4  290.8 154.6  21.8  28.4
20100300  31.0  23.7  436.2 178.7  18.9  26.9
20100400  29.0  23.0  252.8 123.2  14.7  26.7
20100500  28.4  21.3   30.6 149.2  17.5  22.4
20100600  27.8  19.7   10.8 158.4  16.2  19.6
20100700  27.5  20.8   36.6 135.4  12.7  22.0
20100800  28.0  19.6   62.6 161.6  16.9  20.1
20100900  29.9  22.5   91.8 164.2  18.6  25.0
20101000  29.7  22.3  184.6 190.4  20.1  24.7
20101100  30.5  22.8  204.4 172.0  20.3  26.0
20101200  31.7  24.2  362.0 181.6  21.8  29.2
20110100  31.2  23.8  410.0 146.4  19.3  28.1
20110200  30.6  23.7  999.2 154.2  16.8  28.5
20110300  30.7  24.0  402.0 144.9  18.1  28.8
20110400  29.2  21.8   65.8 155.0  18.0  23.8
20110500  28.0  18.1   13.6 177.2  18.0  18.3
20110600  26.1  15.6   69.2 151.2  16.1  16.2
20110700  26.0  16.7   12.0 159.4  16.5  16.8
20110800  27.3  17.0    9.6 191.2  18.6  16.6
20110900  28.0  18.1   14.0 219.4  21.3  17.5
20111000  29.8  21.1  394.4 195.3  20.9  22.9
20111100  30.9  22.8   82.0 214.4  22.5  25.4
20111200  31.9  24.1  151.4 191.0  21.4  27.0
20120100  31.5  23.5  355.4 185.8  25.3  27.3
20120200  31.9  24.1  268.2 176.9  20.5  28.2
20120300  30.2  23.6  907.6 162.7  15.9  28.3
20120400  29.7  21.0  156.6 163.0  17.7  23.5
20120500  27.4  20.4  144.2 159.0  15.9  21.0
20120600  26.0  16.5   15.6 131.0  17.0  18.5
20120700  25.8  18.0   43.6 161.2  17.4  17.7
20120800  27.2  16.7    5.8 187.4  20.2  17.1
20120900  28.9  18.9   13.0 198.0  21.7  19.3
20121000  29.9  20.4   29.0 248.4  22.5  20.6
20121100  31.3  22.0   21.8 225.8  24.3  23.4
20121200  32.8  23.1   42.6 271.0  26.3  24.6
20130100  32.7  24.0  326.8 220.6  21.9  27.7
20130200  32.6  24.2  116.8 198.0  23.3  27.8
20130300  30.8  23.4  183.6 165.8  18.8  27.1
20130400  29.4  21.8   93.4 160.0  19.0  24.8
20130500  27.6  20.9  172.4 139.8  15.0  22.9
20130600  26.9  19.1   27.0 150.2  15.6  19.9
20130700  26.4  18.7   37.6 159.0  15.1  19.0
20130800  27.9  16.2    3.6 189.6  20.5  17.3
20130900  28.5  18.4   43.6 194.6  23.4  20.3
20131000  30.6  21.1   41.8 239.8  23.5  21.7
20131100  30.5  22.9  165.2 193.2  21.1  25.4
20131200  31.0  22.4   56.8 227.4  24.3  24.8
20140100  31.7  24.1  323.0 205.7  20.4  27.8
20140200  30.2  23.6  395.8 141.0  16.7  28.1
20140300  30.1  23.3  419.4 164.8  18.1  27.0
20140400  29.6  23.2  358.8 168.6  17.4  26.2
20140500  27.8  20.3   92.8 144.4  16.1  21.7
20140600  26.0  19.0   71.6 134.0  14.0  20.0
20140700  26.2  15.9   14.4 160.2  16.8  16.8
20140800  26.6  17.2   29.8 174.4  17.9  18.1
20140900  28.9  17.3    1.8 216.0  22.3  18.1
20141000  30.3  19.6   13.8 277.4  24.8  19.1
20141100  31.9  22.1   19.2 252.8  23.3  23.0
20141200  32.6  24.2   86.2 235.3  23.5  26.2
20150100  32.9  24.7  210.8 192.0  20.3  27.9
20150200  31.5  23.9  596.2 175.4  19.7  27.9
20150300  31.7  24.0  241.2 219.0  19.9  27.1
20150400  30.3  21.9   83.2 181.8  18.8  24.1
20150500  28.8  20.0   27.4 174.0  16.9  21.1
20150600  26.8  20.1  177.6 129.7  14.0  21.4
20150700  25.9  17.4   25.0 145.8  16.4  18.6
20150800  27.1  16.4   17.0 171.8  19.4  17.9
20150900  28.8  18.6   13.0 184.1  21.3  19.1
20151000  29.0  20.0   64.8 232.9  22.1  21.4
20151100  30.6  22.9   92.4 204.0  22.1  25.7
20151200  30.9  23.5  357.8 210.9  18.1  26.6
20160100  32.2  23.8  288.8 206.5  22.9  27.7
20160200  33.2  24.3  136.0 190.9  23.1  28.5
20160300  31.8  24.0  258.2 162.8  18.6  28.7
20160400  30.4  22.9  152.8 174.2  18.8  26.5
20160500  29.3  22.6  180.0 144.3  15.7  26.1
20160600  27.6  20.3   66.6 109.5  14.9  23.5
20160700  27.2  19.3   85.0 117.8  15.8  21.5
20160800  26.8  18.5   41.8 154.3  17.7  19.7
20160900  29.0  21.1   49.0 159.1  20.0  24.6
20161000  29.8  21.4   70.6 230.9  23.4  23.0
20161100  32.1  22.6   17.6 233.7  26.0  24.0
20161200  32.5  23.6   56.8 221.3  24.4  25.8
20170100  32.2  24.6    9.8 200.6  21.6  30.3
20170200  31.9  24.5  479.0 164.7  21.4  29.4
20170300  32.5  24.3  102.0 166.7  22.5  29.6
20170400  29.7  22.0  178.6 162.2  17.7  24.7
20170500  28.4  20.5   71.4 143.3  17.2  22.4
20170600  26.2  18.9   34.8 123.1  14.4  19.0
20170700  27.0  19.4   50.7 130.5  16.2  20.5
20170800  28.5  18.4    1.6 177.9  19.5  19.3
20170900  29.1  19.2   47.6 188.6  21.3  20.1
20171000  29.8  21.4  186.2 188.7  21.8  24.1
20171100  30.7  22.5   98.0 193.3  23.4  25.5
20171200  33.1  22.9   24.3 239.4  27.0  25.7
20180100  31.8  23.8  648.2 193.4  21.1  27.8
20180200  30.9  23.3  290.2 164.4  22.0  28.2
20180300  30.4  23.5  880.4 168.6  17.1  28.2
20180400  30.6  22.1   45.2 148.6  19.7  24.8
20180500  28.1  20.6   45.0 141.8  16.5  21.5
20180600  26.7  17.1   20.0 127.5  16.1  18.3
20180700  26.8  17.4   45.6 135.6  16.8  19.2
20180800  28.1  16.4    1.4 176.0  19.9  16.5
20180900  29.5  18.1    7.4 202.2  21.5  18.9
20181000  30.4  21.1   14.6 219.2  25.0  22.7
20181100  33.7  23.1   28.2 274.3  24.8  24.2
20181200  31.8  24.2  785.1 213.3  19.0  28.4
20190100  30.8  23.7  826.2 207.4  19.2  28.3
20190200  33.1  24.3  396.6 165.2  22.0  28.3
20190300  30.6  23.9  350.6 163.4  18.8  28.2
20190400  29.7  22.7  261.0 147.3  17.8  25.7
20190500  28.1  21.1   85.7 146.1  16.2  22.8
20190600  26.1  18.7   54.8 125.5  15.2  18.9
20190700  26.0  17.1   38.4 136.5  16.8  18.2
20190800  27.0  17.1   26.8 173.9  19.0  17.3
20190900  29.1  16.6    1.3 211.2  23.4  16.2
20191000  29.7  20.2   64.1 234.5  23.4  21.7
20191100  31.7  21.0    0.0 246.0  26.9  21.6
20191200  32.3  23.7   92.5 239.2  24.5  26.2
20200100  32.2  24.4  533.2 211.4  21.9  29.0
20200200  33.5  24.8  292.2 169.0  23.3  29.0
20200300  31.3  23.8  134.4 164.0  20.0  27.9
20200400  30.7  22.9   53.8 153.8  20.1  26.0
20200500  27.5  19.4  161.4 152.8  16.4  21.0
20200600  27.0  19.8   41.5 119.7  14.6  21.2
20200700  26.3  17.2   33.8 150.1  17.5  17.7
20200800  27.9  17.6   10.0 163.6  18.4  18.5
20200900  28.9  20.4   58.6 184.6  20.6  21.7
20201000  31.0  21.0    6.8 249.9  23.8  21.7
20201100  32.1  22.7   58.5 238.5  24.1  23.6
20201200  32.9  24.3  202.4 211.4  23.6  27.2
20210100  31.0  24.0  608.0 183.2  18.7  28.7
20210200  31.1  23.9  290.4 142.3  20.9  28.7
20210300  31.5  23.4  323.2 182.9  22.0  26.7
20210400  29.4  22.5  845.2 143.0  17.1  26.1
20210500  28.3  20.4   68.2 149.9  17.1  21.8
20210600  27.2  19.3   40.6 130.5  15.9  20.8
20210700  27.1  19.1   54.4 142.3  16.5  20.5
20210800  27.9  19.4   21.2 157.2  17.3  20.2
20210900  29.0  20.1   12.8 185.7  19.7  20.0
20211000  31.9  21.9    8.2 225.9  25.9  24.2
20211100  32.6  23.9   96.1 206.1  24.4  26.8
20211200  33.1  24.0  117.2 208.9  23.5  26.4
20220100  32.4  24.1  375.0 179.3  22.6  28.8
20220200  32.5  24.0  135.5 175.0  22.1  28.0
20220300  32.0  23.9  352.6 204.1  21.7  28.2
20220400  30.5  23.0  381.6 168.6  17.4  26.3
20220500  28.6  20.9  178.0 146.0  16.9  24.4
20220600  27.2  19.7    5.6 146.2  15.0  20.2
20220700  25.5  17.0  141.0 149.2  17.0  17.4
20220800  27.6  18.4   13.8 171.9  17.9  19.3
20220900  30.1  21.2   25.8 190.3  21.9  22.9
20221000  31.7  22.9   87.0 227.6  23.4  26.0
20221100  32.7  23.9   37.8 238.2  23.9  25.9
20221200  31.3  23.3  312.0 212.0  21.7  26.8
20230100  31.3  24.2  415.0 213.7  21.1  29.7
20230200  31.2  24.2  444.6 150.8  19.6  29.4
20230300  31.0  23.4  416.4 174.4  23.1  29.1
20230400  31.1  23.2  147.9 167.3  20.0  27.6
20230500  28.4  20.4   46.0 176.9  17.6  21.7
20230600  28.2  19.7   45.8 139.8  16.1  22.2
20230700  26.9  19.9  108.4 143.9  15.6  21.2
20230800  26.8  17.4   68.2 174.1  19.0  18.9
20230900  28.6  19.2   36.4 218.4  21.5  20.2
20231000  30.5  20.3   21.8 263.6  24.9  21.4
20231100  31.6  22.2    6.6 227.4  24.0  24.4
20231200  31.9  24.7  882.0 213.6  20.3  29.5
20240100  32.6  25.2  390.2 169.1  21.9  31.3
20240200  31.9  24.9  275.0 153.2  20.2  31.2
20240300  30.7  24.3  891.5 190.9  19.2  30.0
20240400  30.4  22.9  336.8 166.7  19.2  26.7
20240500  28.0  21.4   97.8 142.6  16.2  24.5
20240600  27.4  17.8   14.8 128.8  16.7  20.2
20240700  26.5  17.7   58.8 146.4  16.9  19.4
20240800  27.5  18.7   62.6 166.0  18.9  20.6
20240900  29.1  20.1   28.9 201.3  20.7  22.4
20241000  31.0  21.8   31.4 244.7  24.3  24.0
20241100  32.3  22.7   65.7 221.5  25.4  25.7
20241200  31.7  24.2  646.3 211.4  23.0  30.7
20250100  32.5  24.6  391.3 192.5  22.5  29.7
20250200  31.7  24.5  632.2 151.4  19.8  30.4
20250300  30.7  23.6  552.4 157.9  20.0  29.7
20250400  30.5  23.2   72.0 162.5  18.8  27.0
20250500  28.8  21.7  120.0 136.0  16.6  24.8
20250600  27.1  19.9   13.6 126.0  15.3  20.6
20250700  28.3  19.4    8.2 130.1  16.4  21.5
20250800  28.1  16.9   14.4 170.0  19.8  18.2
20250900  29.2  20.3  148.4 197.4  19.9  22.6
20251000  31.2  21.8   49.6 244.5  23.8  25.1
20251100  32.3  23.7   55.0 237.4  26.0  28.1
20251200  32.1  23.8  309.0 216.5  23.2  28.3
20260100  31.7  24.6  565.4 206.3  20.9  30.3
20260200  32.1  24.9  319.6 175.3  22.8  30.8
20260300  30.7  24.0  602.4 225.5  18.8  29.2
20260400  29.5  22.4  190.6 192.7  18.3  25.6
20260500  28.1  20.1   61.2 173.9  17.7  22.8
20260600  27.1  18.8   43.0 101.4  15.9  21.3
